0.489939
0.389249
0.428657
0.710214
0.612488
0.973008
1.667221
1.699697
0.540743
1.738871
0.499109
1.083445
1.769970
1.748207
1.437599
1.588178
0.348154
0.297379
0.298642
0.378385
0.539175
0.609961
1.687422
0.942704
0.641204
0.711164
0.711090
0.479073
0.639876
0.731088
0.811946
0.519593
1.073926
1.013441
0.518850
0.752768
0.943331
0.925248
0.963185
1.004614
1.447339
0.549710
1.255364
1.132956
1.506113
0.782004
0.619681
0.703165
0.875487
0.773822
0.912175
0.561605
0.802321
0.379693
0.583187
0.893037
0.831691
0.863578
0.469024
0.388109
0.378518
0.520256
0.600952
0.934536
0.720329
0.721785
0.600492
0.700552
0.671919
0.711750
0.690622
0.642229
0.733163
0.660911
0.542294
0.650562
0.846346
0.783908
0.740570
0.953915
0.641611
0.641953
0.409384
0.318255
0.469602
0.327317
0.660536
0.792118
0.772023
0.832707
0.600905
0.590699
0.813110
0.813622
0.651930
0.610264
0.640951
0.459940
0.670744
0.559738
0.448291
0.438255
0.489056
0.499334
0.530917
1.144926
1.074779
1.003540
1.114322
1.053952
0.955364
1.103794
1.238899
0.912347
0.619425
0.841975
0.871386
0.921074
1.065107
0.469124
0.559972
0.528616
0.499125
1.043938
0.480141
1.086807
0.569211
1.306482
1.003682
0.510038
0.500190
0.962994
1.154612
0.723146
0.842506
0.802348
1.325558
1.345728
1.538690
0.399427
0.500279
0.986664
0.550373
0.720635
0.378748
0.307788
0.296595
0.601519
0.822843
0.468591
1.184645
0.866545
0.458611
1.134292
1.346423
0.993629
0.417853
0.600058
1.237107
0.470285
0.893778
1.133438
1.315060
1.093774
1.436479
0.933884
0.317937
0.308312
0.307654
0.429159
0.529409
0.610371
0.528949
0.520274
0.559357
0.559527
0.712562
0.871432
0.540595
0.570489
0.742342
0.720995
0.862762
0.531196
0.549534
0.529796
0.448365
0.529091
1.013636
1.194063
1.003395
0.965429
0.993443
0.448148
0.599708
0.691972
0.408528
0.781477
0.862750
0.408280
0.438634
0.540690
0.913471
1.157311
0.478806
0.663364
0.418069
0.680632
0.792947
0.913503
0.731587
0.771963
0.731423
0.852574
0.691487
0.822269
0.581802
0.387799
0.500694
0.318580
0.430999
0.339299
1.102719
1.104619
1.335793
1.436150
0.661120
0.671450
0.731529
1.386445
1.073996
0.318024
0.469536
1.184595
1.617686
1.214713
2.021428
1.154839
0.418595
1.014752
0.460997
1.325816
0.852518
1.143646
0.898194
0.892497
0.923380
0.842477
0.438515
0.691632
1.240642
0.367442
1.175622
1.076163
0.408673
0.530074
0.792173
0.962459
1.153268
0.721475
0.660529
0.459364
0.619560
1.200527
0.490652
0.821868
0.877758
0.902034
0.865123
1.347653
0.539553
0.509372
0.579297
0.499608
1.095234
0.509139
0.995530
0.630618
0.640694
1.093586
0.451844
0.428276
0.580722
0.609864
0.670504
0.811677
0.388432
0.660466
0.479429
0.418132
0.369395
0.408336
1.445205
0.882517
0.852484
0.508599
0.822071
1.014255
0.703076
0.721962
0.579714
0.418476
0.711792
0.710680
0.540312
1.134987
1.197318
1.156885
0.802685
0.702445
0.713505
0.710834
0.464468
0.631775
0.792433
0.592184
0.911923
0.510068
1.103895
0.901527
1.236291
1.206169
1.294471
0.492330
0.975044
0.923660
0.753991
1.037310
0.742931
1.256130
0.670911
0.723994
0.752332
0.610874
0.836130
0.826303
1.570174
0.712676
0.963402
0.780970
0.784249
0.904992
0.541103
0.562162
0.591782
0.832208
0.592840
0.690984
0.528728
0.337146
0.590143
0.611141
0.660731
0.620501
0.611489
0.571799
0.640398
0.590240
0.740980
0.662406
1.099327
0.732227
0.933473
0.408476
0.428070
0.449580
0.571043
0.650673
0.620543
0.955169
0.916342
0.750971
0.964542
0.679570
1.084442
0.821746
0.590346
0.541033
0.277443
0.318543
0.458870
0.519255
0.932444
0.741925
0.801274
1.074791
0.801361
0.741520
1.173541
0.772169
0.559937
0.631989
0.227155
0.429930
0.539762
0.509118
0.741092
0.750950
0.600735
0.770361
0.822987
0.731482
1.109180
0.721462
0.783151
0.893732
0.832774
0.610698
0.539256
0.519584
0.641663
0.672182
0.753047
0.761069
0.609685
0.912455
0.892307
0.662796
0.539046
0.801103
0.469573
0.711392
0.932025
0.519311
0.552503
0.620011
0.629168
0.952985
0.963211
0.449841
0.398881
0.478837
0.893137
1.224277
1.134417
1.155044
1.145122
0.582852
1.053881
0.873208
1.285219
0.751158
0.752614
0.559678
0.267039
0.602438
0.872289
1.084713
1.306250
1.084626
0.579621
0.841531
0.882913
1.075335
1.445806
0.530806
1.174938
1.537991
0.801800
0.720795
0.629518
0.467980
0.669565
0.610816
0.712147
1.176035
0.974756
0.428786
0.821634
1.386299
1.437254
0.488422
0.932217
0.905482
0.388058
0.821692
1.446713
0.702989
0.226576
0.227415
0.367550
0.902066
0.983892
0.871569
0.852300
0.963981
1.055514
0.611449
0.994474
0.570615
0.710146
0.418581
0.339790
0.733174
0.449035
0.440747
0.499795
0.478675
0.994269
1.376429
1.295116
0.985518
0.762885
0.308881
0.398167
1.555642
1.204073
0.399155
1.024040
1.124487
0.975195
0.983596
0.378546
0.277432
1.043578
0.843566
1.045271
0.408994
1.280920
1.929970
1.384702
1.306046
1.666149
0.612565
1.737498
2.324885
1.154875
0.878384
0.420017
0.489506
0.643332
0.519155
0.550182
0.781829
0.558864
0.459997
0.551279
0.579602
0.751547
0.700421
0.569491
0.650018
0.832072
0.730806
0.763561
0.732198
0.710443
0.691456
0.560348
0.488686
1.011880
1.043501
0.528877
0.438467
1.084295
0.740614
0.922627
0.510789
0.468747
0.983811
0.408908
0.661508
0.600674
0.751040
0.397809
0.448239
0.488947
0.277295
0.267592
0.379859
0.650120
0.883177
0.993472
0.457875
0.791376
0.810762
0.650541
0.811491
0.863792
0.973855
0.812119
0.560155
0.633024
0.893224
0.408160
0.438530
0.458354
0.398952
0.569767
0.450444
0.377690
0.451294
0.892978
0.800981
1.213696
1.333955
0.478868
0.438379
1.426510
0.469830
1.205362
1.054623
1.506582
1.074016
1.033569
1.375702
0.731070
0.720728
0.629517
0.559932
0.521091
0.621358
0.751547
1.063362
0.821345
0.871865
0.711199
0.741801
0.469335
0.409821
0.629812
0.652929
0.742313
0.488788
0.549070
0.611152
0.539943
0.530550
0.600233
0.651355
0.782244
0.652000
1.036500
0.478568
1.063726
0.820040
0.510886
0.811310
0.448731
0.560599
0.612737
0.429943
0.490107
0.479217
0.569752
0.892790
1.266464
1.083447
0.983401
0.550027
1.074920
0.993277
0.992436
0.550292
0.590968
1.506063
0.982380
1.264970
1.315994
0.560173
0.388575
0.317091
0.267659
0.388284
0.539033
0.722229
0.671627
1.145991
0.762655
0.862696
0.792500
0.570013
0.732772
0.663000
0.620525
0.720791
0.398673
0.286931
0.337337
0.649843
0.681545
0.823857
0.741313
1.103412
1.235265
0.570139
0.408386
0.681096
0.756309
1.014012
0.590119
0.922160
0.841144
0.337875
0.317017
0.751409
0.368376
0.943355
0.307528
0.417840
0.357772
0.397789
0.368638
0.468213
1.859828
0.662011
0.459577
0.966981
0.642514
0.791604
0.579143
0.670890
0.558199
0.873113
0.630660
1.103153
0.488916
0.702303
0.730317
0.591642
0.429864
0.500390
0.942961
0.559331
0.861538
0.842276
0.581494
0.680648
0.468336
0.821233
0.418697
1.498235
1.233597
1.989424
0.600187
1.395353
0.579547
0.278038
0.319689
0.620753
0.430833
0.882379
1.075509
0.430136
1.075022
0.511005
1.208756
1.064222
1.104994
0.630292
1.153981
0.650918
0.489558
0.873392
0.993559
0.458342
0.387313
0.863917
0.871881
0.781983
0.549082
0.569253
1.103088
0.823568
1.095370
1.074239
0.499143
0.581323
0.500013
0.773750
0.781025
0.469181
0.418422
0.470424
0.408395
0.438251
0.327429
0.297121
0.308304
0.247682
