0.368097
0.518901
0.800811
1.145187
0.872528
0.852751
1.223284
0.903934
0.912915
0.684014
0.872027
1.103515
2.286634
1.206274
0.539906
0.419845
0.519079
0.367956
0.511786
0.480422
0.509690
0.529427
0.912747
0.953367
0.983288
0.448716
1.185798
1.104904
0.985270
0.891868
1.315480
1.297991
0.922461
1.338394
0.408332
0.653926
0.560709
0.953662
0.469414
0.723713
0.740936
0.518943
0.529041
0.670661
0.539547
0.580203
0.831707
0.569912
0.642162
0.519327
0.488970
0.692220
0.519582
0.580628
0.650097
0.983445
0.539718
0.842512
0.620270
0.398817
0.408794
0.358824
0.715939
0.510028
0.701886
0.752328
0.731064
0.620735
0.580998
0.811741
0.631466
0.821482
0.640237
0.561368
0.530524
0.492140
0.397596
0.529616
1.196205
1.520680
0.539216
1.053131
0.850948
0.841258
0.438585
0.367717
1.022656
0.622227
0.459690
1.125387
0.450160
1.557206
0.639697
0.691570
0.741502
0.591186
0.590419
0.348981
0.732569
0.479211
0.650409
1.073043
1.102944
2.212857
0.458198
0.841727
0.508591
0.690319
0.600166
1.455352
1.235035
0.519515
0.731441
1.165985
0.307606
0.792387
0.388951
0.740733
0.549656
0.458881
0.258167
0.943135
1.193533
0.895498
1.023435
1.145779
0.469256
1.165118
0.611459
0.791699
0.560227
1.123852
0.530023
0.451065
0.439789
0.862122
0.539319
0.549408
0.519322
0.458570
0.602394
1.003436
0.843848
0.520288
0.690308
0.831481
0.720486
0.439521
0.459106
0.418357
0.508747
0.438599
0.408360
1.478741
0.924486
1.156908
0.953228
1.004226
0.388356
0.902043
0.438847
1.163129
1.284221
0.510281
0.468811
1.537429
0.560133
1.183280
0.409074
0.611926
0.297547
0.528731
0.891222
0.661440
0.379322
0.710217
0.822749
0.972840
0.882667
1.397233
0.592920
1.125593
0.751277
1.084026
1.759389
0.973745
2.039804
1.710807
1.577566
1.831745
0.459273
0.591044
0.620317
0.750589
0.782012
0.499390
1.114419
0.429287
0.458550
0.471129
0.761518
0.962775
0.904798
0.398988
0.448708
1.195837
1.204214
1.336252
0.621696
1.123532
0.911671
1.244313
0.519815
0.390597
0.550877
0.328940
0.469767
0.561318
0.468437
0.519923
0.942784
0.912642
0.780717
0.509894
0.581346
0.610495
0.661319
0.468980
0.650215
0.649944
0.609374
0.512070
0.479005
0.590404
0.430465
0.682537
0.973101
0.771367
1.057032
0.560816
0.882007
0.650143
0.971686
0.670263
0.489196
0.671058
0.783744
0.732883
0.579942
0.620638
0.378092
0.581574
1.074840
0.368761
0.620348
0.569565
0.420229
1.033036
0.348196
0.641944
0.622061
0.428034
1.056188
0.470662
0.519967
0.951997
1.023288
0.882068
0.761283
0.983638
0.651307
0.529098
0.589988
0.468894
0.803158
0.962919
0.811159
0.712008
0.862399
0.589949
0.833138
0.623442
0.631284
0.912328
0.942740
1.094028
0.883171
0.810799
1.486281
0.479072
1.174416
0.530602
1.053757
0.730996
1.417411
0.480377
0.901939
1.094679
0.802997
1.102986
1.009602
0.438267
0.369358
1.146160
0.561046
0.670162
0.348741
0.388103
0.660537
0.924120
1.227517
0.730134
0.388380
0.296887
0.348406
0.712237
0.610684
0.299112
0.750864
0.844541
0.690730
0.680916
0.722076
0.901450
0.701751
1.113031
0.873579
0.710169
0.902672
0.921753
0.811167
0.447930
0.599828
0.619967
0.904226
0.550208
0.519334
1.083428
0.610020
1.187587
1.074755
0.640461
0.579727
0.560008
0.501373
0.629953
0.519204
0.459303
1.157980
1.073257
0.694346
0.430282
0.217435
0.287924
0.277883
0.903490
1.166219
0.538932
0.570278
1.114243
1.043624
0.529759
1.255684
1.155984
0.972336
0.884237
0.741915
0.915730
1.203976
1.084706
1.356410
1.426152
0.812601
0.639830
0.722367
1.426101
0.539876
0.490380
0.901998
0.398069
0.893050
0.935458
1.229257
0.468658
1.133305
0.520243
0.962552
0.631288
0.641148
0.893660
0.822557
1.126063
0.390336
0.277607
0.771071
0.570295
0.922654
0.568911
1.185964
0.761123
0.700740
1.214859
2.050210
1.023890
1.244697
1.416183
0.439749
0.488859
0.458535
0.784943
0.560434
0.650255
0.904080
0.772324
0.751716
0.792319
0.610345
0.891990
0.832719
0.732426
0.832290
0.631026
0.530193
0.751988
0.721357
0.791590
0.410672
0.500598
0.418642
0.449317
0.804970
0.823972
1.073326
0.861685
0.822451
0.549855
0.694183
0.680946
1.001865
0.710831
0.731340
0.489217
0.327500
0.419965
0.548818
0.570473
0.912905
0.771847
0.842153
1.033207
0.683174
0.681669
0.711651
0.841921
0.720732
0.671371
0.994657
0.722114
0.761975
0.581300
0.661081
0.620464
0.800277
0.589682
0.913159
1.215717
0.379359
1.238421
0.892385
0.901689
0.469258
0.742928
0.884742
0.610400
0.307714
0.389234
0.862816
0.458541
0.640344
0.398241
0.296948
0.317478
0.328421
0.751334
1.213692
0.438431
1.409858
0.499138
1.688073
0.519080
0.915209
1.266774
0.408454
0.570864
0.348269
0.427927
0.630717
0.337358
0.498770
0.974581
1.034263
1.044357
1.103755
0.489004
0.590657
0.399426
0.429436
0.680047
0.865815
1.034566
1.011956
1.044728
0.500338
0.569956
0.438582
0.792140
0.297498
0.942841
0.710069
0.387878
0.440097
0.953214
0.983223
0.490836
0.721220
0.529533
0.418241
0.468632
0.630149
0.641204
0.570706
0.521612
0.712459
0.682724
0.701921
0.538641
0.531052
0.458881
2.031029
0.834474
0.720911
0.530801
0.551994
0.640776
0.358478
0.862291
0.661130
0.962883
0.773238
0.852052
0.933595
1.214770
0.781030
0.440172
1.487176
1.105122
1.064407
0.539808
1.003114
0.932742
1.002834
0.328190
0.650645
0.398124
0.731351
1.306526
0.883198
0.772061
0.440997
0.630719
0.571009
0.862052
0.256996
0.236323
0.509065
0.962265
1.491736
1.052672
1.405814
0.549925
0.399154
0.652324
1.368138
0.942798
0.478959
0.993996
0.499973
0.479183
0.489222
0.367215
0.953816
0.814251
0.478995
1.516302
1.043081
1.265327
0.489298
0.843299
1.114200
1.254944
1.157951
1.113769
1.006416
0.541103
0.913831
0.389573
0.388686
0.640569
0.600277
0.994287
1.145442
0.489326
1.198530
0.974842
0.936222
1.354887
0.579903
1.932355
0.986084
0.570278
0.570423
0.661413
0.520638
1.083752
1.214768
0.833672
1.002216
1.304451
0.763136
0.782327
0.822209
0.944290
1.112828
1.173803
1.386201
0.458562
1.154596
0.832111
0.670909
0.762887
0.731142
0.974883
1.163989
1.269611
0.611468
1.185431
1.193929
1.054606
1.214800
0.652401
0.620633
0.589968
0.700658
0.882012
1.144026
1.168455
0.478674
0.569228
0.942904
0.760991
0.347720
0.308898
0.911902
0.368302
0.751878
1.495380
0.641746
0.488900
0.470766
0.811940
0.519967
1.397020
1.426758
0.841274
0.478874
0.317690
0.236994
0.489327
0.427978
1.092437
0.710893
0.952571
0.963037
1.194687
0.519759
1.015305
1.107789
0.388685
0.409236
1.123988
0.711202
0.370606
0.931755
0.418008
0.892337
0.471388
0.361766
0.196702
0.246687
0.379461
0.730592
1.158755
1.510561
0.721614
1.341744
0.508808
0.448308
0.760977
0.438082
0.328185
1.607298
0.631192
0.509141
1.468382
0.420036
1.127789
0.639425
0.437775
1.247499
0.367286
1.519099
1.335926
0.893859
0.368617
0.348184
0.399259
0.760939
0.572926
0.711212
0.853909
0.694511
0.711071
0.803038
0.661202
0.589992
0.550474
0.532316
0.528873
0.710652
0.894432
0.761654
0.651389
0.649749
1.274274
0.530391
1.095243
0.660114
0.680013
0.569926
1.256690
1.013027
1.023150
1.055414
0.913262
0.589575
0.892625
0.721173
0.679670
0.741711
0.521634
0.591552
1.104476
1.839560
0.630849
0.743474
0.398500
1.026315
0.944604
1.013651
0.358548
0.772070
0.751436
0.277282
0.387585
0.350032
0.339140
0.247061
0.308314
0.318393
0.317287
