0.389513
0.338773
0.419727
0.409074
0.710897
1.006376
0.508681
0.822911
0.509706
1.016397
1.084801
0.509212
1.042338
0.549863
0.721033
0.841170
0.569771
1.204809
0.590487
0.369868
0.458724
0.247319
0.398243
0.458871
0.560733
0.922326
0.953297
0.711919
0.508816
0.872699
0.973875
1.044641
1.025247
0.449477
0.479483
0.600563
0.569810
0.793187
0.489606
0.549626
0.490086
0.429947
0.510087
1.103345
0.923519
0.519340
0.458513
1.399517
0.428669
0.761485
1.437607
0.661108
0.327635
0.357554
1.297746
1.246430
0.601099
0.307522
0.327890
0.408196
1.014293
1.003049
1.285126
0.581270
0.539906
0.429238
0.399861
0.408234
0.700185
0.428578
0.430077
0.942334
0.771434
0.478672
0.721554
1.042318
0.630045
0.419286
1.052758
0.589973
0.881222
1.305785
0.579381
0.639919
1.056939
1.357477
0.498490
0.500327
0.327759
0.387733
0.419416
0.559439
0.650469
0.591312
0.721720
0.631136
0.680061
0.600419
0.558842
0.822026
0.520848
0.602613
0.530100
0.600469
0.459418
0.560210
0.490256
0.832862
0.669878
1.012259
1.074437
0.409647
0.882807
0.772815
1.365421
1.253682
0.450112
0.468871
1.224676
1.205579
0.338047
0.378563
1.609623
1.074189
1.606510
0.409258
0.863357
0.681994
0.721608
0.732781
1.215441
0.540802
1.052980
0.922198
0.509384
0.388184
0.569570
1.174857
0.528963
0.448475
1.184886
0.498683
1.156452
1.265177
1.518863
1.045103
1.245572
0.449638
0.630962
0.328287
0.387602
0.327837
0.721580
0.630942
0.772285
0.734289
0.801420
0.932957
0.893059
0.882306
0.551101
0.761706
0.722156
0.740619
1.055338
0.710726
0.982862
0.751335
0.691432
0.631340
0.631255
1.195290
0.549699
0.509090
0.429634
0.469251
1.163643
1.105379
0.367626
0.792676
0.560884
0.610048
0.630145
0.650173
0.347591
0.611473
0.692168
0.702659
0.792539
0.610962
0.736250
0.571970
0.783168
0.599491
0.710706
0.650974
0.882602
0.720856
0.629713
0.519302
0.651806
0.590083
0.620679
0.550712
1.155288
1.154214
0.942593
1.053255
0.861626
1.276040
0.509547
0.388508
2.323505
0.428161
0.458788
1.649172
1.437333
0.974886
0.760055
0.599309
0.449910
0.722713
0.529302
0.770583
0.357846
0.972136
1.531903
1.335473
0.519426
1.497985
1.284694
0.408661
1.184846
0.439630
0.560639
0.438567
0.408419
0.984170
0.489338
1.496993
0.267346
1.376015
1.254471
0.408643
1.457397
1.255882
0.976837
0.417876
0.996792
1.003171
0.570623
0.641728
0.388365
0.662450
0.530777
0.570631
0.479088
0.753482
0.569435
0.813312
0.478640
0.421922
0.689667
0.520153
0.539322
0.518979
0.519017
0.559364
0.640368
0.721710
1.113530
0.931969
0.509864
1.003079
1.033826
0.844081
0.620439
0.842240
0.873092
0.760724
0.972286
0.478589
0.892103
0.478378
0.791943
0.448932
0.570410
0.469552
0.791049
0.710440
0.640454
0.903836
0.589915
0.461477
0.701498
0.652587
0.613319
0.468742
0.820992
1.103167
0.852150
0.901770
0.509840
1.043394
0.459205
1.437128
0.893151
0.813317
0.913591
0.530135
0.934258
1.264652
0.984721
1.304440
1.385957
1.215706
0.722494
0.480611
0.871711
0.700486
0.743686
1.175755
0.420742
0.670883
1.073585
0.580606
0.862402
0.510743
0.802454
1.177918
0.583936
0.823441
0.831535
0.561169
0.752045
1.528250
0.489477
0.633470
0.853790
0.408835
0.966967
0.349654
1.155629
0.609842
0.841081
0.712761
0.982364
0.705765
0.367948
0.479233
0.489015
0.650675
0.760659
0.873662
0.582684
0.389904
0.398418
0.388261
0.662783
2.092460
0.651129
0.660293
0.592559
0.750522
0.771193
0.851940
0.631178
0.792406
0.741762
0.589510
0.348409
0.459130
0.902326
0.762517
0.841900
1.195472
0.702406
1.054301
0.469038
0.510440
0.691726
1.064473
0.560827
0.491250
0.380854
0.673923
0.602212
0.972759
0.732546
0.815235
0.942455
0.924274
1.003606
0.791247
0.681537
0.833618
0.993772
0.308054
0.389670
0.579659
0.690383
0.711010
0.935290
0.624915
0.993947
0.720925
0.731964
0.943766
0.791858
0.762755
0.549470
1.044030
0.671208
0.593111
0.578762
0.500048
0.934891
0.730509
0.962022
0.781538
0.802358
0.581640
0.761991
0.257092
1.024260
0.702080
0.599706
1.007902
1.148149
0.984298
0.790695
0.721193
0.449601
0.458158
0.539756
0.478752
1.203948
1.325261
0.874909
0.903531
1.364882
1.024508
1.338181
0.767320
0.973022
1.142759
0.489093
0.397934
0.368253
0.792307
1.415178
1.346478
0.459155
1.195064
1.325490
0.993720
1.718105
1.116058
1.969271
2.049085
0.822898
0.297894
1.044510
0.659802
0.853174
0.730747
0.932439
0.862739
0.918085
0.801762
1.052473
0.912526
0.843010
0.641809
0.650743
0.419003
0.450485
0.500774
0.783792
0.472091
0.520101
0.267525
0.236542
0.408439
0.539937
0.752686
0.852427
0.570473
0.791299
0.837172
0.631984
0.793186
0.873840
0.750433
0.531183
0.649958
0.893481
0.510991
0.499130
0.468586
0.469268
0.760931
1.063378
0.792664
0.762303
0.812347
0.863774
0.663070
0.952129
0.702921
1.093308
1.565676
0.631178
0.611195
0.479658
0.841638
0.379591
0.571008
0.841664
0.579524
1.053562
0.469364
0.823537
1.065141
1.176078
1.013291
0.805329
0.851970
1.346286
1.384712
0.509419
1.185481
0.640417
0.327854
0.327608
0.661740
0.691245
1.012984
0.438701
1.245635
0.963084
0.287274
0.478432
0.216987
0.590370
0.843563
1.124821
0.529789
0.390695
0.408216
0.913323
0.973600
0.843701
0.459840
0.661286
0.791746
0.903175
0.973484
0.782458
0.881915
0.911984
0.379806
0.408035
0.399433
0.520177
0.661558
0.721994
0.923955
0.629609
0.773785
1.052577
0.721078
0.753037
0.650688
0.460473
0.852451
1.174734
0.711626
0.620797
0.851624
0.867190
0.591391
0.411047
1.206006
0.550250
1.062934
1.033559
1.376320
1.287637
1.195553
0.751327
1.083635
1.129130
1.011901
1.063744
1.416523
0.977199
1.033366
0.610234
0.549208
0.440189
0.499758
0.680707
0.731947
0.610147
1.032894
0.751976
0.408316
2.020252
1.868955
0.469052
0.560757
1.003663
0.539566
0.379003
0.834402
0.745392
0.884787
0.915051
0.630254
0.358093
0.589945
0.439004
0.529179
0.599514
0.609359
0.579857
0.671043
1.044850
0.933147
0.761074
0.761354
0.782008
0.891839
0.488264
0.891099
0.893077
0.630503
1.072719
0.601881
0.378159
0.460580
0.418483
0.479055
0.589809
0.387773
0.891692
0.630854
1.103589
0.599411
0.519349
1.074101
0.529976
0.590790
1.043573
0.932154
1.285878
0.581100
1.024078
0.984329
1.326528
0.489542
0.842219
0.438602
0.519590
0.268276
0.378177
0.653534
0.771443
0.679966
1.003051
0.812252
0.650658
0.690249
0.611343
0.632858
0.781859
0.750085
0.661491
0.388792
0.389809
0.347387
0.390358
0.488972
0.641046
0.670261
0.530120
0.702600
0.854938
0.832549
0.760221
0.569970
0.500789
0.601130
0.539506
0.553678
0.526966
0.681044
0.781437
0.721747
0.530552
0.792053
0.620852
0.520830
0.420327
0.498866
0.671121
0.489590
0.825763
0.530142
0.610943
0.501040
0.672072
0.498835
0.519359
0.479703
0.499952
0.539250
0.923447
0.941502
0.813098
0.681274
0.559194
0.672425
0.568996
0.942486
0.579951
0.439442
0.549340
0.530223
0.539265
0.539131
0.428126
0.509952
0.368548
0.439030
0.560436
1.582419
0.770976
0.630835
0.681486
0.662224
1.335756
0.781329
0.357942
0.761379
0.608810
0.439839
1.576825
0.479051
0.580282
1.034065
0.640192
0.570493
0.922885
0.771925
1.184123
0.874480
0.531039
0.893261
0.560281
0.680374
0.581831
0.579976
0.592764
0.660223
0.830943
1.839144
0.831077
0.680425
0.871470
0.661106
0.813199
0.581300
0.641514
0.542469
0.418476
0.438664
0.954040
0.377668
