0.469913
0.378864
0.489064
1.044027
1.027081
2.707432
0.560338
1.186204
1.668310
1.569616
1.356643
1.437138
1.204131
0.541631
0.571364
1.085122
0.267375
0.237170
0.237759
1.224192
1.617286
1.125013
0.368369
1.094886
0.348582
0.429087
1.083327
0.428990
0.761609
0.953080
0.732046
1.718058
1.446617
0.461200
0.904018
0.298277
0.975208
1.023366
1.154713
0.834085
1.114821
0.438708
0.772044
0.771564
0.469351
0.782835
0.357927
0.782438
0.894940
0.883518
0.387550
0.745062
0.589123
0.531240
0.710558
0.660945
0.337493
0.461044
0.873192
0.659669
0.754643
0.409505
1.152988
0.821211
1.153855
0.681069
0.811318
0.782280
0.874710
0.862801
0.761129
1.183726
0.510717
0.483503
0.550961
0.893796
0.801382
1.033036
1.046950
0.398894
0.903201
0.842015
0.579483
0.771857
1.159038
0.561912
1.537423
1.336640
1.105893
1.275414
1.024651
1.094324
0.559990
0.620742
1.122839
0.904139
0.770900
0.811082
1.154138
1.155229
1.175657
0.539291
0.690198
0.490089
0.538888
0.690656
1.002445
1.004833
0.680295
0.510049
0.429047
0.428193
0.468506
0.479158
1.104003
0.944189
0.569793
0.609872
0.540911
0.418927
1.167718
1.002499
0.538773
0.650464
0.529279
1.405466
1.255898
1.104913
1.133547
0.630611
0.741899
0.448646
0.823325
1.002978
0.500471
1.185867
1.078212
0.509148
0.723930
0.720273
0.984763
0.831387
0.367731
0.520190
1.023139
0.469780
1.033794
1.068162
1.134030
0.954103
1.385590
0.751376
0.480051
0.448419
0.670809
0.734262
0.804130
0.744550
0.852030
0.802734
0.903596
0.746156
0.843814
0.760988
0.642791
0.277002
0.357994
0.933888
0.489790
1.380810
0.415481
1.157014
0.780979
0.630320
1.276114
0.510305
0.438523
0.429900
1.536721
1.013661
0.720759
0.479604
1.618232
1.345541
1.175934
0.540136
1.076035
1.003050
0.902795
0.620296
0.540735
0.388084
0.911411
0.348783
1.104344
0.983350
1.063088
0.449716
0.801140
0.841838
0.712531
2.260632
1.112923
0.439427
1.258690
0.450241
1.174056
0.662488
0.660100
0.529690
0.388444
0.471643
0.640029
0.308449
0.307663
0.631864
0.782642
0.529638
0.348117
0.743216
0.732205
0.670510
0.629713
0.924591
0.853300
0.369006
0.418517
0.407715
0.488685
0.529226
0.570636
0.508665
0.469459
0.489190
0.915087
0.650699
1.114974
1.065515
1.044493
0.841583
1.043499
0.438994
0.450256
0.932859
0.398508
0.782599
1.118353
0.882651
1.055838
0.884497
1.628921
0.912917
0.310291
0.380009
0.469361
0.541003
0.469904
0.491248
0.479314
0.247556
0.401002
0.520657
0.982704
1.245337
1.258467
0.762370
0.489034
0.338063
0.841661
1.182713
0.891850
1.295512
1.568256
1.013650
1.488468
1.225499
0.449366
0.892173
0.531123
0.581163
0.591556
1.023854
0.480287
1.165011
0.631511
1.067373
0.429013
0.278486
1.044116
0.791222
1.114019
0.640830
0.742003
0.528941
1.002556
0.539338
0.439290
0.438535
0.449607
0.579465
0.610673
0.691985
0.499344
0.651719
0.893010
0.772906
0.609795
0.579414
0.639586
0.499076
0.793716
0.609691
0.388985
0.297262
0.851940
0.518658
0.751680
0.701057
1.146105
0.831197
0.801558
0.871516
0.942693
0.700545
1.321471
0.781621
0.630674
0.448196
0.458363
0.901296
0.995177
1.054979
0.780297
0.559484
0.378379
0.620276
0.328039
0.680638
0.468374
1.085105
0.840833
0.741281
0.904534
0.923750
0.956333
1.325935
0.610945
0.449074
0.398514
0.470996
0.812115
1.133740
0.674719
0.731562
0.733133
1.123705
0.670917
0.851200
0.921552
0.762803
0.640133
0.561397
0.549360
0.409402
0.460035
1.396126
1.427121
0.650071
1.295667
0.701219
0.630961
0.761993
0.670714
0.691371
0.801912
0.611931
0.498705
0.519325
2.261726
0.831573
0.862332
0.912393
0.943827
0.650679
0.550309
0.721391
0.782363
0.621678
0.542408
0.430085
0.550585
0.549688
0.548641
0.560352
0.985367
1.318142
1.104334
1.085662
0.632074
1.608178
1.221038
1.429007
0.501161
0.761449
0.963058
0.803789
0.861985
0.922158
0.933197
1.244893
0.881217
0.427944
0.903536
0.924535
1.306032
0.583267
1.268706
0.438796
0.599747
0.347436
0.377947
0.427865
0.427645
0.429096
0.590600
0.589878
1.476159
1.084238
1.326759
1.395166
1.093436
0.531117
0.842845
1.053411
1.469051
0.679954
0.750200
0.711212
0.287101
0.388899
1.003598
1.246738
0.973514
1.148331
0.470080
0.884882
0.519741
0.569980
1.478299
1.165509
0.470136
0.499519
0.681510
0.530817
0.560443
0.509989
0.723131
0.783453
0.701533
0.863267
0.660301
0.689831
1.205956
0.701486
0.509046
0.521991
0.488714
0.811026
0.619510
0.571155
0.589313
0.740260
1.306936
0.398624
0.388013
0.448677
0.602688
0.560069
0.710398
0.711444
0.680275
0.962571
0.944166
1.014608
0.952599
0.915177
0.923090
1.044979
0.549645
1.014017
0.317924
0.812831
1.577248
0.539774
1.178503
1.207579
0.742085
0.439003
0.357350
0.861622
0.692547
0.822615
0.641330
0.861936
0.853007
0.893121
0.660509
0.501662
0.721955
0.590608
0.662119
0.610009
0.488676
0.663009
0.550490
0.710348
0.894086
0.641436
0.470122
0.559471
0.692711
0.589871
0.801564
0.642407
1.026700
1.014399
0.813358
0.762227
0.277110
0.257484
0.801055
0.851281
0.801707
0.670526
0.962928
0.297406
0.621753
0.822668
0.995988
1.043781
0.872157
1.073844
0.458922
0.428224
0.882415
0.831921
1.568409
1.077507
0.881595
0.429019
0.498987
0.862590
0.610876
0.731371
0.549868
0.580667
0.448437
0.600820
0.673481
0.630938
0.498913
0.923584
0.609495
0.932646
0.722492
0.610472
0.257832
0.569674
0.700219
0.712019
0.570078
0.934910
1.228971
1.144798
0.580278
0.562496
0.922179
0.933733
0.901855
0.853070
0.964420
0.823158
0.629907
0.579781
0.338013
0.458737
0.397755
0.610102
1.195433
1.041910
0.770996
0.620345
0.418479
0.448783
0.652185
1.123810
0.439089
0.438939
0.388137
0.866001
0.388035
1.164241
0.398138
0.966498
1.114286
0.876512
0.783474
0.781302
0.328628
1.054408
0.700020
0.841252
1.486544
0.550349
0.528537
0.751028
0.643311
0.288021
0.509902
0.790800
0.821447
0.963201
0.641236
1.043637
1.165306
0.428801
0.428287
0.408172
1.195269
0.519035
1.084444
1.527396
1.063350
1.246183
0.390492
0.621154
0.861746
0.691850
1.074369
0.914123
0.792583
0.367870
0.488417
0.469285
0.853711
0.974256
1.304524
1.841082
0.652078
0.450604
0.670227
0.690781
1.286060
0.529316
0.904222
1.557213
1.284951
0.441210
0.388520
0.579784
0.257873
1.083729
0.559622
0.483604
0.601425
1.179607
0.539217
1.327001
1.620994
0.925922
1.326585
0.750841
0.348986
0.480557
0.912868
0.612544
0.520540
0.538797
0.590498
0.703966
0.651808
0.713131
0.803424
0.821918
0.670775
0.670812
0.671389
0.781552
0.863272
1.002042
0.570636
0.861110
0.653482
0.519952
0.679751
0.379609
0.700887
0.844913
0.420420
1.316981
1.094592
1.215786
0.411319
0.591800
0.327596
0.872684
1.174786
1.234042
0.539456
0.690077
0.438828
0.824069
0.469662
0.549720
0.862445
1.043324
1.085500
0.508922
0.894235
0.641778
0.580479
0.348302
0.367564
0.489098
0.529771
0.622746
0.783094
0.740935
0.852313
0.914180
0.834177
0.529891
0.731400
0.470727
0.490682
0.297260
0.569333
0.973917
0.681630
0.600379
0.499045
0.751436
0.953740
1.085027
0.602892
1.053941
1.064306
0.982794
0.932177
0.530289
0.600071
0.683824
0.453443
0.773971
0.760195
0.631619
0.489994
0.994851
1.285749
0.763586
1.205796
1.014574
0.922806
0.661127
0.671875
0.764999
0.468390
0.470360
0.539358
0.458937
0.600795
0.550544
0.267367
0.338850
0.256931
0.520656
0.358546
0.400980
0.267096
0.471482
